-0.00306796 -0.0076699 0.00306796 0.0076699 -0.0076699 0.0107379 
0.00306796 0.00306796 0 0.0076699 0.00613592 0 
-0.148796 -1.24252 -0.470932 -0.161068 
-0.0337476 1.07532 0.435651 0.222427 
-0.0398835 -0.128854 -0.0690291
[head up]

-0.00153398 -0.0076699 0.00306796 0.00613592 -0.0107379 0.00920388 
0.00306796 -0.00460194 0 0.00920388 0.0076699 0 
-0.148796 -1.24252 -0.470932 -0.161068 
-0.0322136 1.07532 0.435651 0.222427 
-0.0613592 -0.802272 0.561437 
[head down]

-0.00460194 -0.00460194 0.00306796 0.00613592 -0.0107379 0.00920388 
-0.00306796 -0.00306796 -0.00306796 0.00920388 0.00920388 0.00460194 
-0.211689 -1.26553 -0.806874 -0.0199418 
0.0859029 1.12748 -0.141126 0.250039 
0.0475534 -0.487806 0.219359 
[head right]

-0.00460194 -0.00460194 0.00460194 0.00613592 -0.00920388 0.00920388 
-0.00306796 -0.00460194 -0.00306796 0.00920388 0.0076699 0.00460194 
-0.207087 -1.264 -0.806874 -0.0214757 
0.0889709 1.12594 -0.141126 0.250039 
-0.671884 -0.266913 0.340544 
[head left]

-0.00460194 -0.00306796 -0.00153398 0.0076699 -0.00306796 0.0076699 
-0.00306796 0.00460194 -0.00306796 0.00920388 0.0076699 0.00460194 
-0.944932 -0.66268 -0.461728 -1.67664 
0.0920388 1.24713 -1.19651 0.0184078 
-0.380427 -0.342078 0.317534 
[RH up]

-0.00306796 -0.00153398 -0.00153398 0.0076699 -0.00920388 0.0076699 
-0.00153398 0.00153398 -0.00306796 0.00920388 0.0076699 0.00306796 
-0.846757 -0.857495 -0.246971 -1.98957 
0.0905049 1.24713 -1.19804 0.0184078 
-0.377359 -0.342078 0.317534 
[RH in]

-0.00153398 -0.00306796 -0.00153398 0.0076699 -0.00920388 0.0076699 
0 0.00306796 -0.00460194 0.00920388 0.00460194 0.00306796 
-0.921922 -0.661146 -0.415709 -0.93266 
0.0905049 1.24713 -1.19804 0.0184078 
-0.377359 -0.343612 0.319068 
[RH out]

0.00460194 -0.00460194 0 0.00613592 -0.0107379 0.00920388 
0 -0.00153398 0.00306796 0.00920388 0.0076699 0 
-0.225495 -1.2686 0.60899 -1.98804 
-0.309864 1.21184 0.67035 1.85305 
-0.19635 -0.385029 0.222427 
[Hands together]

-0.00460194 -0.0076699 0 0.00613592 -0.0122718 0.00920388 
0.00306796 0.00306796 -0.00306796 0.0076699 0 0.00460194 
-0.13499 -1.09833 0.60899 -0.200951 
-0.429515 1.17656 0.99402 0.855961 
-0.0291456 -0.392699 0.184078 
[random small]

0 -0.00460194 0.00306796 0.00613592 -0.0122718 0.00920388 
0.00306796 -0.00460194 -0.00460194 0.00920388 0.00613592 0.0076699 
-0.352816 -1.23792 0.406505 -0.82068 
-0.257709 1.13054 0.905049 0.082835 
-0.254641 -0.394233 0.182544 
[random small]

0 -0.00613592 0.00460194 0.00613592 -0.0122718 0.00920388 
0.00306796 -0.00460194 -0.00460194 0.00920388 0.00613592 0.0076699 
-0.162602 -0.837554 0.406505 -0.240835 
-0.257709 1.13208 0.905049 0.082835 
-0.254641 -0.394233 0.184078 
[random small]

-0.00153398 -0.00460194 0.00460194 0.00613592 -0.0107379 0.0076699 
-0.00153398 0.00460194 0.00613592 0.0076699 -0.00613592 0.00153398 
-0.12732 -0.0690291 0.404971 0.118117 
0.207087 0.0567573 1.34684 -0.211689 
-0.251573 -0.394233 0.184078
[arms move]
