#ifndef JIMMY_POSES
#define JIMMY_POSES

#include <avr/pgmspace.h>

PROGMEM prog_uint16_t arm4[] = {27, 2099, 1835, 2747, 2511, 2304, 2194, 512, 512, 512, 512, 512, 512, 512, 512, 512, 512, 512, 512, 1932, 1688, 3483, 2139, 512, 512, 512, 512, 2238};
PROGMEM prog_uint16_t arm2[] = {27, 2099, 1901, 2747, 2437, 2305, 2628, 512, 512, 512, 512, 512, 512, 512, 512, 512, 512, 512, 512, 1929, 1688, 3483, 1441, 512, 512, 512, 512, 2238};
PROGMEM prog_uint16_t arm3[] = {27, 2100, 1837, 2747, 2500, 2304, 2878, 512, 512, 512, 512, 512, 512, 512, 512, 512, 512, 512, 512, 1931, 1688, 3483, 1905, 512, 512, 512, 512, 2238};
PROGMEM prog_uint16_t arm1[] = {27, 2115, 1988, 2753, 2418, 2340, 1889, 512, 512, 512, 512, 512, 512, 512, 512, 512, 512, 512, 512, 1923, 1688, 3478, 1077, 512, 512, 512, 512, 2238};
PROGMEM prog_uint16_t left_wave1[] = {27, 2085, 1997, 2854, 2817, 2298, 2887, 512, 512, 512, 512, 512, 512, 512, 512, 512, 512, 512, 512, 1924, 1695, 2295, 2295, 512, 512, 512, 512, 2228};
PROGMEM prog_uint16_t left_wave2[] = {27, 2083, 1901, 2863, 2800, 2299, 2270, 512, 512, 512, 512, 512, 512, 512, 512, 512, 512, 512, 512, 1921, 1694, 1949, 2150, 512, 512, 512, 512, 2228};
PROGMEM prog_uint16_t rest_pose[] = {27, 2116, 2013, 2753, 2331, 2342, 1891, 512, 512, 512, 512, 512, 512, 512, 512, 512, 512, 512, 512, 1918, 1688, 3480, 1146, 512, 512, 512, 512, 2238};
PROGMEM prog_uint16_t elbow_up[] = {27, 2085, 2004, 2856, 2780, 2298, 1902, 512, 512, 512, 512, 512, 512, 512, 512, 512, 512, 512, 512, 1924, 1694, 2295, 2098, 512, 512, 512, 512, 2228};

PROGMEM transition_t wave[] = {{0,8} ,{rest_pose,500} ,{elbow_up,500} ,{left_wave1,500} ,{left_wave2,500} ,{left_wave1,500} ,{left_wave2,500} ,{elbow_up,500} ,{rest_pose,500} };

#endif
